73 180 185 183 248
102 177 147 171 156
69 170 116 126 193
107 248 194 190 289
54 122 127 131 175
====================
55 49 83 87 61
91 115 140 109 82
83 109 131 136 55
120 181 182 172 82
54 119 136 150 27
====================
44 138 107 142 170
60 206 155 184 245
104 163 177 96 223
48 119 98 90 152
54 152 134 105 199
====================
63 128 94 206 169
115 90 73 200 146
47 105 92 185 126
90 94 58 198 154
103 92 61 194 156
====================
87 78 62 65 91
186 223 236 167 243
96 159 130 99 115
144 202 171 116 153
115 115 118 78 154
====================
100 66 132 160 106
75 117 137 142 106
66 188 148 148 126
95 110 166 132 149
69 81 79 152 50
====================
70 54 32 60 63
169 117 79 136 78
49 24 23 20 2
122 81 57 128 114
108 93 55 152 109
====================
209 151 86 90 125
157 132 49 80 60
254 181 113 144 125
228 150 98 84 174
186 125 85 118 91
====================
137 196 155 186 116
87 162 163 150 90
89 135 107 133 52
88 174 181 146 116
127 177 144 152 115
====================
164 154 126 84 164
187 212 188 117 179
163 177 161 86 217
99 68 62 49 59
113 140 81 48 125
====================
234 177 197 105 166
124 99 101 55 108
191 141 148 82 114
136 84 113 54 108
139 109 119 59 110
====================
80 65 77 20 61
163 147 134 46 120
90 94 79 29 89
56 92 84 44 56
64 58 46 7 70
====================
128 194 190 109 208
36 74 73 44 103
56 121 123 87 165
81 107 113 56 131
60 116 126 64 131
====================
259 275 219 94 252
123 163 85 30 130
150 194 118 66 200
204 195 172 69 157
123 141 107 48 146
====================
